======================================================================================
THREE-WAY ALGORITHM COMPARISON
QAOA-decomp (DEC_ANALYSIS) | MERGE original (MERGE_ANALYSIS) | MERGE_0630 (this run)
======================================================================================
Generated: 2026-06-30T13:57:16
Benchmark: 30 random 3-regular graphs on 14 nodes (seed = index)
MERGE_0630 = MERGE with the Option B overshoot-safe fallback reweight.

--------------------------------------------------------------------------------------
OVERALL SUMMARY (30 graphs)
--------------------------------------------------------------------------------------
algorithm         mean_r    min_r    max_r    std_r  mean|err|  max|err|   exact   over    mean_t   total_t
QAOA-decomp      0.92899  0.79257  1.00000  0.04413     1.2951    3.9412       2      0   75.9726   2279.18
MERGE orig       0.97425  0.73684  1.02778  0.05576     0.5140    5.0000      17      2    0.5724     17.17
MERGE_0630       0.97130  0.81579  1.02778  0.04748     0.5667    3.5000      18      1    0.5028     15.08

Legend: mean_r/min_r/max_r/std_r = approx ratio; mean|err|,max|err| =
absolute distance from exact optimum (lower=better, handles overshoot);
exact = #graphs hitting the optimum; over = #graphs with ratio>1; t=seconds.

Overshoot graphs (ratio > 1):
  MERGE original : [12, 23]
  MERGE_0630     : [23]

--------------------------------------------------------------------------------------
PER-GRAPH APPROXIMATION RATIOS
--------------------------------------------------------------------------------------
graph   optimal   QAOA_ratio MERGEorig_ratio MERGE0630_ratio
    0      18.0     0.960092      0.888889       0.888889 
    1      19.0     0.946654      1.000000       1.000000 
    2      17.0     0.885417      1.000000       1.000000 
    3      19.0     0.792570      1.000000       1.000000 
    4      18.0     0.863406      1.000000       1.000000 
    5      18.0     1.000000      0.916667       0.916667 
    6      18.0     0.950139      0.888889       0.888889 
    7      19.0     0.953921      0.947368       0.947368 
    8      18.0     0.912172      1.000000       1.000000 
    9      18.0     0.904524      1.000000       1.000000 
   10      18.0     0.934389      1.000000       1.000000 
   11      18.0     0.894039      0.999444       0.944444 
   12      19.0     0.981195      1.000526*      1.000000 
   13      19.0     0.953401      0.947368       0.947368 
   14      18.0     0.844620      1.000000       1.000000 
   15      18.0     0.943175      1.000000       1.000000 
   16      17.0     0.885417      1.000000       1.000000 
   17      19.0     0.919613      1.000000       1.000000 
   18      19.0     0.950485      0.947368       0.947368 
   19      18.0     1.000000      0.999444       0.972222 
   20      19.0     0.987261      0.979474       0.894737 
   21      17.0     0.918281      1.000000       1.000000 
   22      19.0     0.949232      0.947368       0.947368 
   23      18.0     0.912051      1.027778*      1.027778*
   24      19.0     0.932577      0.736842       0.815789 
   25      19.0     0.926228      1.000000       1.000000 
   26      18.0     0.951904      1.000000       1.000000 
   27      18.0     0.926284      1.000000       1.000000 
   28      19.0     0.927203      1.000000       1.000000 
   29      19.0     0.963391      1.000000       1.000000 
  (* = overshoot: reported MaxCut exceeds the true optimum)

--------------------------------------------------------------------------------------
PER-GRAPH MAXCUT VALUES
--------------------------------------------------------------------------------------
graph   optimal   QAOA_maxcut   MERGEorig_cut   MERGE0630_cut
    0      18.0     17.281648       16.000000       16.000000
    1      19.0     17.986417       19.000000       19.000000
    2      17.0     15.052097       17.000000       17.000000
    3      19.0     15.058826       19.000000       19.000000
    4      18.0     15.541310       18.000000       18.000000
    5      18.0     18.000000       16.500000       16.500000
    6      18.0     17.102504       16.000000       16.000000
    7      19.0     18.124493       18.000000       18.000000
    8      18.0     16.419093       18.000000       18.000000
    9      18.0     16.281432       18.000000       18.000000
   10      18.0     16.819004       18.000000       18.000000
   11      18.0     16.092698       17.990000       17.000000
   12      19.0     18.642714       19.010000       19.000000
   13      19.0     18.114626       18.000000       18.000000
   14      18.0     15.203165       18.000000       18.000000
   15      18.0     16.977145       18.000000       18.000000
   16      17.0     15.052097       17.000000       17.000000
   17      19.0     17.472642       19.000000       19.000000
   18      19.0     18.059209       18.000000       18.000000
   19      18.0     18.000000       17.990000       17.500000
   20      19.0     18.757958       18.610000       17.000000
   21      17.0     15.610778       17.000000       17.000000
   22      19.0     18.035408       18.000000       18.000000
   23      18.0     16.416921       18.500000       18.500000
   24      19.0     17.718968       14.000000       15.500000
   25      19.0     17.598326       19.000000       19.000000
   26      18.0     17.134271       18.000000       18.000000
   27      18.0     16.673110       18.000000       18.000000
   28      19.0     17.616859       19.000000       19.000000
   29      19.0     18.304428       19.000000       19.000000

======================================================================================
